# layer 1
00000000000000000000000000000000
00000000000000000000000000000000
00000000000000000000000000000000
00000000000000000000000000000000
00000000000011111111000000000000
00000000001111111111110000000000
00000000111111111111111100000000
00000001111111111111111110000000
00000011111111000011111111000000
00000011111100000000111111000000
00000111111000000000011111100000
00000111110000000000001111100000
00001111100000000000000111110000
00001111100000000000000111110000
00001111000000000000000011110000
00001111000000000000000011110000
00001111000000000000000011110000
00001111000000000000000011110000
00001111100000000000000111110000
00001111100000000000000111110000
00000111110000000000001111100000
00000111111000000000011111100000
00000011111100000000111111000000
00000011111111000011111111000000
00000001111111111111111110000000
00000000111111111111111100000000
00000000001111111111110000000000
00000000000011111111000000000000
00000000000000000000000000000000
00000000000000000000000000000000
00000000000000000000000000000000
00000000000000000000000000000000

# layer 2
00000000000000000000000000000000
00000000000000000000000000000000
00000000000011111111000000000000
00000000001111111111110000000000
00000000111100000000111100000000
00000001110000000000001110000000
00000011000000000000000011000000
00000110000000000000000001100000
00001100000000111100000000110000
00001100000011111111000000110000
00011000000111000011100000011000
00011000001100000000110000011000
00110000011000000000011000001100
00110000011000000000011000001100
00110000110000000000001100001100
00110000110000000000001100001100
00110000110000000000001100001100
00110000110000000000001100001100
00110000011000000000011000001100
00110000011000000000011000001100
00011000001100000000110000011000
00011000000111000011100000011000
00001100000011111111000000110000
00001100000000111100000000110000
00000110000000000000000001100000
00000011000000000000000011000000
00000001110000000000001110000000
00000000111100000000111100000000
00000000001111111111110000000000
00000000000011111111000000000000
00000000000000000000000000000000
00000000000000000000000000000000

# layer 3
00000000000000000000000000000000
00000000000001111110000000000000
00000000001110000001110000000000
00000000110000000000001100000000
00000001000000000000000010000000
00000110000000000000000001100000
00000100000000000000000000100000
00001000000000000000000000010000
00010000000000000000000000001000
00010000000000000000000000001000
00100000000000111100000000000100
00100000000011000011000000000100
00100000000100000000100000000100
01000000000100000000100000000010
01000000001000000000010000000010
01000000001000000000010000000010
01000000001000000000010000000010
01000000001000000000010000000010
01000000000100000000100000000010
00100000000100000000100000000100
00100000000011000011000000000100
00100000000000111100000000000100
00010000000000000000000000001000
00010000000000000000000000001000
00001000000000000000000000010000
00000100000000000000000000100000
00000110000000000000000001100000
00000001000000000000000010000000
00000000110000000000001100000000
00000000001110000001110000000000
00000000000001111110000000000000
00000000000000000000000000000000

# layer 4
00000000000000000000000000000000
00000000000111111111100000000000
00000000011000000000011000000000
00000001100000000000000110000000
00000010000000000000000001000000
00000100000000000000000000100000
00001000000000000000000000010000
00010000000000000000000000001000
00010000000000000000000000001000
00100000000000000000000000000100
00100000000000011000000000000100
01000000000001100110000000000010
01000000000010000001000000000010
01000000000100000000100000000010
01000000000100000000100000000010
01000000001000000000010000000010
01000000001000000000010000000010
01000000000100000000100000000010
01000000000100000000100000000010
01000000000010000001000000000010
01000000000001100110000000000010
00100000000000011000000000000100
00100000000000000000000000000100
00010000000000000000000000001000
00010000000000000000000000001000
00001000000000000000000000010000
00000100000000000000000000100000
00000010000000000000000001000000
00000001100000000000000110000000
00000000011000000000011000000000
00000000000111111111100000000000
00000000000000000000000000000000

# layer 5
00000000000001111110000000000000
00000000001110000001110000000000
00000000110000000000001100000000
00000011000000000000000011000000
00000100000000000000000000100000
00001000000000000000000000010000
00010000000000000000000000001000
00010000000000000000000000001000
00100000000000000000000000000100
00100000000000000000000000000100
01000000000000000000000000000010
01000000000000111100000000000010
01000000000001000010000000000010
10000000000010000001000000000001
10000000000100000000100000000001
10000000000100000000100000000001
10000000000100000000100000000001
10000000000100000000100000000001
10000000000010000001000000000001
01000000000001000010000000000010
01000000000000111100000000000010
01000000000000000000000000000010
00100000000000000000000000000100
00100000000000000000000000000100
00010000000000000000000000001000
00010000000000000000000000001000
00001000000000000000000000010000
00000100000000000000000000100000
00000011000000000000000011000000
00000000110000000000001100000000
00000000001110000001110000000000
00000000000001111110000000000000

# layer 6
00000000000011111111000000000000
00000000011100000000111000000000
00000001100000000000000110000000
00000010000000000000000001000000
00000100000000000000000000100000
00001000000000000000000000010000
00010000000000000000000000001000
00100000000000000000000000000100
00100000000000000000000000000100
01000000000000000000000000000010
01000000000000000000000000000010
01000000000000111100000000000010
10000000000001000010000000000001
10000000000010000001000000000001
10000000000100000000100000000001
10000000000100000000100000000001
10000000000100000000100000000001
10000000000100000000100000000001
10000000000010000001000000000001
10000000000001000010000000000001
01000000000000111100000000000010
01000000000000000000000000000010
01000000000000000000000000000010
00100000000000000000000000000100
00100000000000000000000000000100
00010000000000000000000000001000
00001000000000000000000000010000
00000100000000000000000000100000
00000010000000000000000001000000
00000001100000000000000110000000
00000000011100000000111000000000
00000000000011111111000000000000

# layer 7
00000000000011111111000000000000
00000000011100000000111000000000
00000001100000000000000110000000
00000010000000000000000001000000
00000100000000000000000000100000
00001000000000000000000000010000
00010000000000000000000000001000
00100000000000000000000000000100
00100000000000000000000000000100
01000000000000000000000000000010
01000000000000000000000000000010
01000000000000111100000000000010
10000000000001000010000000000001
10000000000010000001000000000001
10000000000100000000100000000001
10000000000100000000100000000001
10000000000100000000100000000001
10000000000100000000100000000001
10000000000010000001000000000001
10000000000001000010000000000001
01000000000000111100000000000010
01000000000000000000000000000010
01000000000000000000000000000010
00100000000000000000000000000100
00100000000000000000000000000100
00010000000000000000000000001000
00001000000000000000000000010000
00000100000000000000000000100000
00000010000000000000000001000000
00000001100000000000000110000000
00000000011100000000111000000000
00000000000011111111000000000000

# layer 8
00000000000001111110000000000000
00000000001110000001110000000000
00000000110000000000001100000000
00000011000000000000000011000000
00000100000000000000000000100000
00001000000000000000000000010000
00010000000000000000000000001000
00010000000000000000000000001000
00100000000000000000000000000100
00100000000000000000000000000100
01000000000000000000000000000010
01000000000000111100000000000010
01000000000001000010000000000010
10000000000010000001000000000001
10000000000100000000100000000001
10000000000100000000100000000001
10000000000100000000100000000001
10000000000100000000100000000001
10000000000010000001000000000001
01000000000001000010000000000010
01000000000000111100000000000010
01000000000000000000000000000010
00100000000000000000000000000100
00100000000000000000000000000100
00010000000000000000000000001000
00010000000000000000000000001000
00001000000000000000000000010000
00000100000000000000000000100000
00000011000000000000000011000000
00000000110000000000001100000000
00000000001110000001110000000000
00000000000001111110000000000000

# layer 9
00000000000000000000000000000000
00000000000111111111100000000000
00000000011000000000011000000000
00000001100000000000000110000000
00000010000000000000000001000000
00000100000000000000000000100000
00001000000000000000000000010000
00010000000000000000000000001000
00010000000000000000000000001000
00100000000000000000000000000100
00100000000000011000000000000100
01000000000001100110000000000010
01000000000010000001000000000010
01000000000100000000100000000010
01000000000100000000100000000010
01000000001000000000010000000010
01000000001000000000010000000010
01000000000100000000100000000010
01000000000100000000100000000010
01000000000010000001000000000010
01000000000001100110000000000010
00100000000000011000000000000100
00100000000000000000000000000100
00010000000000000000000000001000
00010000000000000000000000001000
00001000000000000000000000010000
00000100000000000000000000100000
00000010000000000000000001000000
00000001100000000000000110000000
00000000011000000000011000000000
00000000000111111111100000000000
00000000000000000000000000000000

# layer 10
00000000000000000000000000000000
00000000000001111110000000000000
00000000001110000001110000000000
00000000110000000000001100000000
00000001000000000000000010000000
00000110000000000000000001100000
00000100000000000000000000100000
00001000000000000000000000010000
00010000000000000000000000001000
00010000000000000000000000001000
00100000000000111100000000000100
00100000000011000011000000000100
00100000000100000000100000000100
01000000000100000000100000000010
01000000001000000000010000000010
01000000001000000000010000000010
01000000001000000000010000000010
01000000001000000000010000000010
01000000000100000000100000000010
00100000000100000000100000000100
00100000000011000011000000000100
00100000000000111100000000000100
00010000000000000000000000001000
00010000000000000000000000001000
00001000000000000000000000010000
00000100000000000000000000100000
00000110000000000000000001100000
00000001000000000000000010000000
00000000110000000000001100000000
00000000001110000001110000000000
00000000000001111110000000000000
00000000000000000000000000000000

# layer 11
00000000000000000000000000000000
00000000000000000000000000000000
00000000000011111111000000000000
00000000001111111111110000000000
00000000111100000000111100000000
00000001110000000000001110000000
00000011000000000000000011000000
00000110000000000000000001100000
00001100000000111100000000110000
00001100000011111111000000110000
00011000000111000011100000011000
00011000001100000000110000011000
00110000011000000000011000001100
00110000011000000000011000001100
00110000110000000000001100001100
00110000110000000000001100001100
00110000110000000000001100001100
00110000110000000000001100001100
00110000011000000000011000001100
00110000011000000000011000001100
00011000001100000000110000011000
00011000000111000011100000011000
00001100000011111111000000110000
00001100000000111100000000110000
00000110000000000000000001100000
00000011000000000000000011000000
00000001110000000000001110000000
00000000111100000000111100000000
00000000001111111111110000000000
00000000000011111111000000000000
00000000000000000000000000000000
00000000000000000000000000000000

# layer 12
00000000000000000000000000000000
00000000000000000000000000000000
00000000000000000000000000000000
00000000000000000000000000000000
00000000000011111111000000000000
00000000001111111111110000000000
00000000111111111111111100000000
00000001111111111111111110000000
00000011111111000011111111000000
00000011111100000000111111000000
00000111111000000000011111100000
00000111110000000000001111100000
00001111100000000000000111110000
00001111100000000000000111110000
00001111000000000000000011110000
00001111000000000000000011110000
00001111000000000000000011110000
00001111000000000000000011110000
00001111100000000000000111110000
00001111100000000000000111110000
00000111110000000000001111100000
00000111111000000000011111100000
00000011111100000000111111000000
00000011111111000011111111000000
00000001111111111111111110000000
00000000111111111111111100000000
00000000001111111111110000000000
00000000000011111111000000000000
00000000000000000000000000000000
00000000000000000000000000000000
00000000000000000000000000000000
00000000000000000000000000000000
