0000000001111111000000001111111000000000
0000000001111111000000001111111000000000
0000000001111111000000001111111000000000
0000000001111111000000001111111000000000
0000000001111111000000001111111000000000
0000000001111111000000001111111000000000
0000000001111111000000001111111000000000

0000000011111111000000011111111100000000
0000000010000001000000010000000100000000
0000000010000001000000010000000100000000
0000000010000001000000010000000100000000
0000000010000001000000010000000100000000
0000000010000001000000010000000100000000
0000000011111111000000011111111100000000

0000000111111111000000011111111110000000
0000000100000001000000010000000010000000
0000000100000001000000010000000010000000
0000000100000001000000010000000010000000
0000000100000001000000010000000010000000
0000000100000001000000010000000010000000
0000000111111111000000011111111110000000

0000000111111111000000011111111110000000
0000000100000001000000010000000010000000
0000000100000001000000010000000010000000
0000000100000001000000010000000010000000
0000000100000001000000010000000010000000
0000000100000001000000010000000010000000
0000000111111111000000011111111110000000

0000000111111111000000011111111110000000
0000000100000001000000010000000010000000
0000000100000001000000010000000010000000
0000000100000001000000010000000010000000
0000000100000001000000010000000010000000
0000000100000001000000010000000010000000
0000000111111111000000011111111110000000

0000000111111111000000011111111110000000
0000000100000001000000010000000010000000
0000000100000001000000010000000010000000
0000000100000001000000010000000010000000
0000000100000001000000010000000010000000
0000000100000001000000010000000010000000
0000000111111111000000011111111110000000

0000000111111111000000011111111110000000
0000000100000001000000010000000010000000
0000000100000001000000010000000010000000
0000000100000001000000010000000010000000
0000000100000001000000010000000010000000
0000000100000001000000010000000010000000
0000000111111111000000011111111110000000

0000000111111111000000011111111110000000
0000000100000001000000010000000010000000
0000000100000001000000010000000010000000
0000000100000001000000010000000010000000
0000000100000001000000010000000010000000
0000000100000001000000010000000010000000
0000000111111111000000011111111110000000

0000000111111111000000011111111110000000
0000000100000001000000010000000010000000
0000000100000001000000010000000010000000
0000000100000001000000010000000010000000
0000000100000001000000010000000010000000
0000000100000001000000010000000010000000
0000000111111111000000011111111110000000

0000000111111111000000011111111110000000
0000000100000001000000010000000010000000
0000000100000001000000010000000010000000
0000000100000001000000010000000010000000
0000000100000001000000010000000010000000
0000000100000001000000010000000010000000
0000000111111111000000011111111110000000

0000000111111111100000111111111110000000
0000000100000000100000100000000010000000
0000000100000000100000100000000010000000
0000000100000000100000100000000010000000
0000000100000000100000100000000010000000
0000000100000000100000100000000010000000
0000000111111111100000111111111110000000

0000000111111111111111111111111110000000
0000000100000000111111100000000010000000
0000000100000000111111100000000010000000
0000000100000000111111100000000010000000
0000000100000000111111100000000010000000
0000000100000000111111100000000010000000
0000000111111111111111111111111110000000

0000000111111111111111111111111110000000
0000000100000000000000000000000010000000
0000000100000000000000000000000010000000
0000000100000000000000000000000010000000
0000000100000000000000000000000010000000
0000000100000000000000000000000010000000
0000000111111111111111111111111110000000

0000000111111111111111111111111110000000
0000000100000000000000000000000010000000
0000000100000000000000000000000010000000
0000000100000000000000000000000010000000
0000000100000000000000000000000010000000
0000000100000000000000000000000010000000
0000000111111111111111111111111110000000

0000000111111111111111111111111110000000
0000000100000000000000000000000010000000
0000000100000000000000000000000010000000
0000000100000000000000000000000010000000
0000000100000000000000000000000010000000
0000000100000000000000000000000010000000
0000000111111111111111111111111110000000

0010000011111111111111111111111100000000
0010000010000000000000000000000100000000
0010000010000000000000000000000100000000
0010000010000000000000000000000100000000
0010000010000000000000000000000100000000
0010000010000000000000000000000100000000
0010000011111111111111111111111100000000

0011100001111111111111111111111000011100
0011100001000000000000000000001000011100
0011100001000000000000000000001000011100
0011100001000000000000000000001000011100
0011100001000000000000000000001000011100
0011100001000000000000000000001000011100
0011100001111111111111111111111000011100

0011110000111111111111111111110000111000
0011010000110000000000000000110000101000
0011010000110000000000000000110000101000
0011010000110000000000000000110000101000
0011010000110000000000000000110000101000
0011010000110000000000000000110000101000
0011110000111111111111111111110000111000

0000111000001111111111111111000001110000
0000101000001000000000000001000001010000
0000101000001000000000000001000001010000
0000101000001000000000000001000001010000
0000101000001000000000000001000001010000
0000101000001000000000000001000001010000
0000111000001111111111111111000001110000

0000011110000111111111111110000111100000
0000010110000100000000000010000110100000
0000010110000100000000000010000110100000
0000010110000100000000000010000110100000
0000010110000100000000000010000110100000
0000010110000100000000000010000110100000
0000011110000111111111111110000111100000

0000001111000011111111111100001111000000
0000001101000010000000001100001001000000
0000001101000010000000001100001001000000
0000001101000010000000001100001001000000
0000001101000010000000001100001001000000
0000001101000010000000001100001001000000
0000001111000011111111111100001111000000

0000000011100001111111110000011110000000
0000000010100001000000010000010010000000
0000000010100001000000010000010010000000
0000000010100001000000010000010010000000
0000000010100001000000010000010010000000
0000000010100001000000010000010010000000
0000000011100001111111110000011110000000

0000000001111000011111100001111110000000
0000000001011000110000100001100010000000
0000000001011000110000100001100010000000
0000000001011000110000100001100010000000
0000000001011000110000100001100010000000
0000000001011000110000100001100010000000
0000000001111000011111100001111110000000

0000000000111100001111000011111110000000
0000000000110100001111000010000010000000
0000000000110100001111000010000010000000
0000000000110100001111000010000010000000
0000000000110100001111000010000010000000
0000000000110100001111000010000010000000
0000000000111100001111000011111110000000

0000000000001110000000000111111110000000
0000000000001010000000000100000010000000
0000000000001010000000000100000010000000
0000000000001010000000000100000010000000
0000000000001010000000000100000010000000
0000000000001010000000000100000010000000
0000000000001110000000000111111110000000

0000000000000111100000011111111110000000
0000000000000101100000011111000010000000
0000000000000101100000011111000010000000
0000000000000101100000011111000010000000
0000000000000101100000011111000010000000
0000000000000101100000011111000010000000
0000000000000111100000011111111110000000

0000000000000011110000111000111100000000
0000000000000011010000101000111100000000
0000000000000011010000101000111100000000
0000000000000011010000101000111100000000
0000000000000011010000101000111100000000
0000000000000011010000101000111100000000
0000000000000011110000111000111100000000

0000000000000000111001110000000000000000
0000000000000000101001010000000000000000
0000000000000000101001010000000000000000
0000000000000000101001010000000000000000
0000000000000000101001010000000000000000
0000000000000000101001010000000000000000
0000000000000000111001110000000000000000

0000000000000000011111100000000000000000
0000000000000000010110100000000000000000
0000000000000000010110100000000000000000
0000000000000000010110100000000000000000
0000000000000000010110100000000000000000
0000000000000000010110100000000000000000
0000000000000000011111100000000000000000

0000000000000000001111000000000000000000
0000000000000000001111000000000000000000
0000000000000000001111000000000000000000
0000000000000000001111000000000000000000
0000000000000000001111000000000000000000
0000000000000000001111000000000000000000
0000000000000000001111000000000000000000

