000000000000000111111111111000000000000
000000000000111111111111111111000000000
000000000011111111111111111110000000000
000000000111111111111111111111000000000
000000001111111111111111111111000000000
000000011111111111111111111111000000000
000000011111111111111111111111000000000
000000011111111111111111111111000000000
000000011111111111110001111111000000000
000000011111111110000000111111000000000
000000011111111000000000111111000000000
000000001111000000000000111110000000000
000000000000001111000000111100000000000
000000000001111111111101111100000000000
000000011111111111111111111100000000000
001111111111111111111111111110000000000
011111111111111111111111111111001100000
111111111111111111111111111111001110000
111111111111111111111111111111111111000
111111111111111111111111111111111111100
111111111111111111111000001111111111111
011111111111110111100000000011111111110
011111111111100000000000000001111111100
001111111111000000000000000111111111000
000111111100000000000000000011111111000
000011110000000000000000000001111110000
000000000000000000000000000000111110000
000000000000000000000000000000001100000

000000000000000111111111111000000000000
000000000000111000000000000111000000000
000000000011000000000000000010000000000
000000000100000000000000000001000000000
000000001000000000000000000001000000000
000000010000000000000000000001000000000
000000010000000000000000000001000000000
000000010000000000001110000001000000000
000000010000000001110001000001000000000
000000010000000110000000100001000000000
000000010000111000000000100001000000000
000000001111000000000000100010000000000
000000000000001111000000100100000000000
000000000001111000111101000100000000000
000000011111000000000010000100000000000
001111100000000000000000000010000000000
010000000000000000000000000001001100000
100000000000000000000000000001001010000
100000000000000000000000000000110001000
100000000000000000000111110000000000100
100000000000001000011000001100000000011
010000000000010111100000000010000000010
010000000000100000000000000001000000100
001000000011000000000000000110000001000
000100001100000000000000000010000001000
000011110000000000000000000001000010000
000000000000000000000000000000110010000
000000000000000000000000000000001100000

000000000000000111111111111000000000000
000000000000111000000000000111000000000
000000000011000000000000000010000000000
000000000100000000000000000001000000000
000000001000000000000000000001000000000
000000010000000000000000000001000000000
000000010000000000000000000001000000000
000000010000000000001110000001000000000
000000010000000001110001000001000000000
000000010000000110000000100001000000000
000000010000111000000000100001000000000
000000001111000000000000100010000000000
000000000000001111000000100100000000000
000000000001111000111101000100000000000
000000011111000000000010000100000000000
001111100000000000000000000010000000000
010000000000000000000000000001001100000
100000000000000000000000000001001010000
100000000000000000000000000000110001000
100000000000000000000111110000000000100
100000000000001000011000001100000000011
010000000000010111100000000010000000010
010000000000100000000000000001000000100
001000000011000000000000000110000001000
000100001100000000000000000010000001000
000011110000000000000000000001000010000
000000000000000000000000000000110010000
000000000000000000000000000000001100000
